# Parameter values for dgp3

# sigma_p = .95; sigma_e = .8; n_1 = 40 # a couple values for testing
sigma_p <- c(.8, .95, .99)
sigma_e <- c(.8, .99)
n_1 <- 40
n_2 <- 250
n_3 <- 2500
alpha_level <- .05 # 1 - alpha = confidence level

# Parameters for the logistic model that determines 
# stratum-specific prevalence in scenario 3.
# Note that the intercept beta_0 is a vector, 
# corresponding to the desired marginal prevalences. 
# Also note these are denoted "beta" in the manuscript. 

beta_0 <- c(-1.157, -1.116, -1.076, -1.0363, -0.9975, 
            -0.959, -0.9215, -0.8845, -0.848, -0.812, 
            -0.7765, -0.7415, -0.7067, -0.6725, -0.6388, 
            -0.6053, -0.572, -0.5393, -0.5068, -0.4745, # sigma_e = sigma_p = .8
            
            -2.726, -2.59, -2.466, -2.353, -2.249, 
            -2.152, -2.061, -1.976, -1.8955, -1.819, 
            -1.746, -1.676, -1.609, -1.5445, -1.482, 
            -1.422, -1.364, -1.3075, -1.2525, -1.199, # sigma_e = .8, sigma_p = .95
            
            -3.97, -3.588, -3.305, -3.08, -2.892, 
            -2.729, -2.584, -2.455, -2.337, -2.229, 
            -2.1285, -2.035, -1.947, -1.863, -1.7845, 
            -1.709, -1.637, -1.568, -1.502, -1.438, # sigma_e = .8, sigma_p = .99
            
            -1.144, -1.0905, -1.038, -0.987, -0.937, 
            -0.888, -0.84, -0.793, -0.7465, -0.701, 
            -0.656, -0.612, -0.568, -0.525, -0.4825, 
            -0.4405, -0.399, -0.358, -0.3175, -0.277, # sigma_e = .99, sigma_p = .8
            
            -2.69, -2.525, -2.379, -2.247, -2.127, 
            -2.016, -1.913, -1.817, -1.726, -1.64, 
            -1.558, -1.48, -1.405, -1.333, -1.263, 
            -1.196, -1.131, -1.068, -1.0065, -0.9465, # sigma_e = .99, sigma_p = .95
            
            -3.865, -3.445, -3.14, -2.899, -2.698, 
            -2.525, -2.373, -2.237, -2.113, -1.998,
            -1.892, -1.793, -1.7, -1.612, -1.528,
            -1.4475, -1.371, -1.297, -1.226, -1.157) # sigma_e = sigma_p = .99
beta_1 <- -1
beta_2 <- -.6
beta_3 <- .8
beta_4 <- .6
beta_5 <- .4
